Permutation Chi-Sq K2RT__FREE__ KD1__FREE__ kdephos__FREE__ km1__FREE__ km2__FREE__ kphos__FREE__
gen33perm37 1665.2718395035856247 2.44140170e+00 1.12874198e-02 4.51284175e-02 2.28162758e-02 2.49590599e+02 8.74650364e-02
gen31perm42 1668.9939048996800466 2.35031650e+00 1.17599528e-02 4.53390850e-02 2.29128753e-02 2.49590599e+02 8.81483700e-02
gen33perm31 1668.9940377175873891 2.35031650e+00 1.27198399e-02 4.53390850e-02 2.29128753e-02 2.49590599e+02 8.81483700e-02
gen32perm30 1669.2287505489457544 2.35031650e+00 1.19340077e-02 4.53390850e-02 2.29128753e-02 2.66051790e+02 8.80497451e-02
gen33perm10 1670.0423612404954383 2.35031650e+00 1.20108436e-02 4.53390850e-02 2.15974289e-02 2.31236994e+02 8.91109450e-02
gen32perm20 1670.8567378708098659 2.37854072e+00 1.20108436e-02 4.66970993e-02 2.15974289e-02 2.49590599e+02 8.91109450e-02
gen33perm16 1671.6814095431504938 2.37854072e+00 1.20108436e-02 4.44327686e-02 2.06013988e-02 2.49590599e+02 8.74650364e-02
gen32perm45 1672.0675996880627281 2.31809531e+00 1.17704045e-02 4.44327686e-02 2.06013988e-02 2.49590599e+02 8.74650364e-02
gen33perm24 1674.2972762893534764 2.31809531e+00 1.08906289e-02 4.44327686e-02 2.06013988e-02 2.49590599e+02 8.81483700e-02
gen33perm26 1674.6227115439521640 2.27528334e+00 1.19340077e-02 4.44327686e-02 2.29128753e-02 2.66051790e+02 8.80497451e-02
gen33perm45 1674.7236528819507839 2.35031650e+00 1.12874198e-02 4.44327686e-02 2.31435681e-02 2.49590599e+02 8.80497451e-02
gen33perm6 1674.7650601477484997 2.30072245e+00 1.18937787e-02 4.53390850e-02 2.58814773e+00 2.49590599e+02 8.81483700e-02
gen33perm21 1675.2179669164740972 2.34468184e+00 1.15834664e-02 4.44327686e-02 2.15974289e-02 2.49590599e+02 8.81483700e-02
gen33perm44 1675.2425682707178112 2.27528334e+00 1.10752859e-02 4.44327686e-02 2.59880515e+00 2.49590599e+02 8.74650364e-02
gen33perm35 1675.2426548497339809 2.27528334e+00 1.17599528e-02 4.44327686e-02 2.58814773e+00 2.49590599e+02 8.74650364e-02
gen31perm15 1675.2426759786885668 2.27528334e+00 1.19340077e-02 4.44327686e-02 2.58814773e+00 2.49590599e+02 8.74650364e-02
gen30perm3 1675.2426840758614617 2.27528334e+00 1.19340077e-02 4.44327686e-02 2.59880515e+00 2.49590599e+02 8.74650364e-02
gen33perm47 1675.5259580494323473 2.35031650e+00 1.17599528e-02 4.44327686e-02 2.42608981e-02 2.49590599e+02 8.81483700e-02
gen33perm50 1675.5271867020289847 2.35031650e+00 1.01996665e-02 4.44327686e-02 2.29128753e-02 2.66051374e+02 8.81483700e-02
gen33perm14 1675.5655735162515612 2.35099416e+00 1.16227662e-02 4.44327686e-02 2.18548782e-02 2.49590599e+02 8.81483700e-02
gen33perm17 1676.0602744517893825 2.35031650e+00 1.20108436e-02 4.66970993e-02 2.29128753e-02 2.49590599e+02 8.91109450e-02
gen31perm46 1676.6206106436970913 2.24461915e+00 1.12874198e-02 4.44327686e-02 2.29128753e-02 2.66051374e+02 8.81483700e-02
gen33perm38 1676.6253798144448410 2.24461915e+00 1.13047599e-02 4.44327686e-02 2.70791119e+00 2.49590599e+02 8.81483700e-02
gen31perm48 1676.6253811906510691 2.24461915e+00 1.09634531e-02 4.44327686e-02 2.18548782e-02 2.49590599e+02 8.81483700e-02
gen33perm20 1676.6254169482056113 2.24461915e+00 1.12874198e-02 4.44327686e-02 2.29128753e-02 2.49590599e+02 8.81483700e-02
gen30perm17 1676.6254228443756347 2.24461915e+00 1.12874198e-02 4.44327686e-02 2.29128753e-02 2.49590599e+02 8.81483700e-02
gen32perm10 1676.6254239051345394 2.24461915e+00 1.12874198e-02 4.44327686e-02 2.15974289e-02 2.49590599e+02 8.81483700e-02
gen31perm19 1676.6254239051345394 2.24461915e+00 1.12874198e-02 4.44327686e-02 2.15974289e-02 2.49590599e+02 8.81483700e-02
gen32perm33 1676.6256508901885809 2.24461915e+00 1.10752859e-02 4.44327686e-02 2.29128753e-02 2.48766495e+02 8.81483700e-02
gen33perm43 1676.6319169161615719 2.24461915e+00 1.19340077e-02 4.44327686e-02 2.29128753e-02 2.30603477e+02 8.81483700e-02
gen33perm19 1676.6338502418841472 2.24461915e+00 1.10752859e-02 4.44327686e-02 2.29128753e-02 2.25113406e+02 8.81483700e-02
gen32perm29 1678.0998033942191796 2.22901723e+00 1.17599528e-02 4.44327686e-02 2.18548782e-02 2.62690081e+02 8.81483700e-02
gen32perm48 1678.1040545709208800 2.22901723e+00 1.16669996e-02 4.44327686e-02 2.18548782e-02 2.50687956e+02 8.81483700e-02
gen32perm46 1678.1044358460578678 2.22901723e+00 1.19340077e-02 4.44327686e-02 1.99400213e-02 2.49590599e+02 8.81483700e-02
gen31perm8 1678.1044727013802458 2.22901723e+00 1.17704045e-02 4.44327686e-02 2.06013988e-02 2.49590599e+02 8.81483700e-02
gen32perm26 1678.1045067212230606 2.22901723e+00 1.19340077e-02 4.44327686e-02 2.06013988e-02 2.49590599e+02 8.81483700e-02
gen32perm2 1678.1124603667594783 2.22901723e+00 1.00785369e-02 4.44327686e-02 2.18548782e-02 2.29480124e+02 8.81483700e-02
gen31perm6 1678.3081048472358816 2.22901723e+00 1.19340077e-02 4.51986134e-02 2.06389580e-02 2.61970769e+02 8.91109450e-02
gen32perm23 1678.3081054845381459 2.22901723e+00 1.19340077e-02 4.51986134e-02 2.09941533e-02 2.61970769e+02 8.91109450e-02
gen32perm4 1678.3149251273946447 2.22901723e+00 1.19340077e-02 4.51986134e-02 2.59880515e+00 2.46840364e+02 8.91109450e-02
gen31perm3 1678.3149973547863283 2.22901723e+00 1.19340077e-02 4.51986134e-02 2.18548782e-02 2.46840364e+02 8.91109450e-02
gen32perm43 1678.3186411575773036 2.22901723e+00 1.19340077e-02 4.51986134e-02 2.18548782e-02 2.39522704e+02 8.91109450e-02
gen30perm39 1678.3186448174460565 2.22901723e+00 1.19340077e-02 4.51986134e-02 2.24200449e-02 2.39522704e+02 8.91109450e-02
gen32perm5 1678.3186450987816443 2.22901723e+00 1.19340077e-02 4.51986134e-02 2.24200449e-02 2.39522704e+02 8.91109450e-02
gen31perm7 1678.3942726321506598 2.24461915e+00 1.12874198e-02 4.44327686e-02 2.29128753e-02 2.61760855e+02 8.91109450e-02
gen32perm36 1678.3949765330173705 2.24461915e+00 1.12874198e-02 4.44327686e-02 2.06013988e-02 2.49590599e+02 8.91109450e-02
gen32perm1 1678.3950531594146014 2.24461915e+00 1.19340077e-02 4.44327686e-02 2.18548782e-02 2.49590599e+02 8.91109450e-02
gen32perm41 1678.3953357634438817 2.24461915e+00 1.28688229e-02 4.44327686e-02 2.18548782e-02 2.46840364e+02 8.91109450e-02
gen32perm13 1678.4378390296949419 2.22901723e+00 1.31773957e-02 4.44327686e-02 2.18548782e-02 2.66763000e+02 8.91109450e-02
gen31perm47 1678.4395940310532751 2.22901723e+00 1.12874198e-02 4.44327686e-02 2.29128753e-02 2.49590599e+02 8.91109450e-02
