Permutation Chi-Sq K2RT__FREE__ KD1__FREE__ kdephos__FREE__ km1__FREE__ km2__FREE__ kphos__FREE__
gen4perm17 1775.8095721417878394 1.52685855e+00 1.19340077e-02 3.82551071e-02 2.50074856e+00 2.11534619e+02 8.91109450e-02
gen6perm19 1775.8097667934018773 1.52685855e+00 1.19340077e-02 3.82551071e-02 2.38982046e-02 2.11534619e+02 8.91109450e-02
gen6perm30 2016.1608283784385094 6.11510967e+00 4.25219512e+01 1.20400042e-03 5.92300559e+02 5.45482122e-02 3.84060462e-03
gen6perm23 2018.3819295057683121 6.11510967e+00 9.83585525e+01 1.20400042e-03 5.43059550e-02 4.81593618e-02 3.84060462e-03
gen6perm10 2020.2679666846722739 6.11510967e+00 1.01995954e+02 1.20400042e-03 5.46236224e-02 5.06680196e-02 3.84060462e-03
gen6perm35 2027.5018235255240597 6.11510967e+00 4.42704064e+01 1.20400042e-03 5.49184898e+02 7.42410298e-02 3.84060462e-03
gen6perm18 2034.9253872075817071 6.43154575e+00 9.88146867e+01 1.12829072e-03 5.32786165e-02 4.81593618e-02 3.70768050e-03
gen6perm3 2046.4617457607064352 6.11510967e+00 1.26821612e+02 1.20400042e-03 2.38960147e+00 9.79970836e-02 3.84060462e-03
gen6perm31 2047.0061956927211213 6.11510967e+00 3.51822882e+02 1.20400042e-03 5.92300559e+02 4.76805223e-02 3.84060462e-03
gen3perm15 2049.3693964828871685 6.11510967e+00 3.51822882e+02 1.20400042e-03 5.92300559e+02 5.17369080e-02 3.84060462e-03
gen6perm28 2051.1505263670669592 6.43154575e+00 9.42822749e+01 1.20400042e-03 5.09392761e-01 4.81593618e-02 3.84060462e-03
gen3perm2 2051.4280075768683673 6.43154575e+00 9.70453092e+01 1.20400042e-03 5.46236224e-02 4.81593618e-02 3.84060462e-03
gen5perm1 2051.5686965507616151 6.43154575e+00 9.83585525e+01 1.20400042e-03 5.46236224e-02 4.81593618e-02 3.84060462e-03
gen5perm26 2069.6999613025695908 6.07242872e+00 4.42516317e+02 1.20400042e-03 4.90050810e+01 5.25711735e+00 3.75731408e-03
gen6perm42 2073.3481812072955108 6.11510967e+00 4.51403773e+02 1.20788579e-03 5.30747038e+01 5.25711735e+00 3.75731408e-03
gen4perm39 2078.0396253969693134 6.11510967e+00 3.85250549e+02 1.20400042e-03 2.38960147e+00 1.04942536e-01 3.84060462e-03
gen6perm7 2078.0421674472536324 6.11510967e+00 3.85250549e+02 1.20400042e-03 6.59541420e+02 1.04942536e-01 3.84060462e-03
gen6perm41 2080.8637288065474422 6.07242872e+00 1.26821612e+02 1.20400042e-03 5.92300559e+02 2.49108753e+00 3.84060462e-03
gen5perm48 2089.0562861300836630 6.11510967e+00 1.26821612e+02 1.20400042e-03 5.92300559e+02 2.49108753e+00 3.84060462e-03
gen6perm32 2089.2059799616445162 6.11510967e+00 1.26821612e+02 1.20400042e-03 5.92300559e+02 2.68159989e+00 3.84060462e-03
gen6perm33 2127.6305730382246111 6.41156937e+00 3.85250549e+02 1.20400042e-03 2.51198715e+00 1.04942536e-01 3.84060462e-03
gen6perm24 2128.8634442533930269 6.43154575e+00 9.94247640e+02 1.16580375e-03 5.99109477e-02 4.81593618e-02 3.69369954e-03
gen2perm11 2129.9520169823304059 6.11510967e+00 9.94247640e+02 1.20400042e-03 6.59541420e+02 4.81593618e-02 3.84060462e-03
gen6perm8 2129.9574697187426864 6.11510967e+00 9.94247640e+02 1.20400042e-03 2.38960147e+00 4.81593618e-02 3.84060462e-03
gen1perm7 2130.2027077686657321 6.11510967e+00 9.94247640e+02 1.20400042e-03 5.43059550e-02 4.81593618e-02 3.84060462e-03
gen6perm50 2130.2157241597178654 6.11510967e+00 9.94247640e+02 1.20400042e-03 5.17320565e-02 4.81593618e-02 3.84060462e-03
gen6perm26 2135.0916545674140252 6.11510967e+00 9.94247640e+02 1.17579009e-03 5.43059550e-02 4.67967965e-02 3.67724831e-03
gen3perm37 2143.7298113041601937 6.11510967e+00 9.94247640e+02 1.20400042e-03 3.67953554e-02 7.42410298e-02 3.84060462e-03
gen6perm4 2146.0426736262297709 6.11510967e+00 3.76243993e+02 1.17693332e-03 5.92300559e+02 2.66096784e+00 3.84060462e-03
gen5perm2 2146.2191293725372816 6.11510967e+00 9.94247640e+02 1.20400042e-03 5.43059550e-02 4.81593618e-02 3.67724831e-03
gen6perm11 2155.4561517816364358 6.11510967e+00 9.94247640e+02 1.20400042e-03 2.38645309e+00 1.04942536e-01 3.84060462e-03
gen6perm25 2162.6282104964598147 6.11510967e+00 9.94247640e+02 1.13781225e-03 6.59541420e+02 4.81593618e-02 3.84060462e-03
gen6perm34 2166.8832922918800250 5.95494665e+00 1.00604561e+03 1.20400042e-03 5.43059550e-02 4.81593618e-02 3.67724831e-03
gen6perm49 2214.6424453584254479 6.11510967e+00 9.94247640e+02 1.11532646e-03 3.67953554e-02 7.42410298e-02 3.84060462e-03
gen6perm9 2264.3031239333181475 6.43154575e+00 9.94247640e+02 1.10044460e-03 6.84995624e+02 4.81593618e-02 3.84060462e-03
gen5perm30 2385.4663047677936447 3.83190446e+00 4.80379881e+01 1.20400042e-03 2.38645309e+00 1.04942536e-01 4.02539809e-03
gen5perm47 2429.0089623813391881 7.81183283e+00 3.51822882e+02 1.09029998e-03 6.15801886e+02 5.17369080e-02 3.70768050e-03
gen6perm12 2449.4690688853170286 3.83190446e+00 4.34378916e+01 1.20400042e-03 3.67953554e-02 7.19953825e-02 4.02539809e-03
gen2perm6 2481.3726584544956495 2.61504480e-01 7.23523514e+00 1.09344907e-01 2.54149798e+00 1.29178005e+01 5.70155927e-01
gen5perm11 2504.3576917372374737 7.81183283e+00 2.78722099e+01 1.12255904e-03 5.92300559e+02 2.36447094e+00 3.70768050e-03
gen4perm32 2512.5013055559825261 7.81183283e+00 1.20807614e+02 1.12255904e-03 5.92300559e+02 2.49108753e+00 3.70768050e-03
gen5perm14 2512.5013118040001245 7.81183283e+00 1.20807614e+02 1.12255904e-03 5.92300559e+02 2.49108753e+00 3.70768050e-03
gen6perm16 2512.5013872977392566 7.81183283e+00 1.20807614e+02 1.12255904e-03 5.49184898e+02 2.49108753e+00 3.70768050e-03
gen3perm6 2547.3759517958869765 6.11510967e+00 7.34046153e+00 1.20400042e-03 5.43059550e-02 1.12064068e+00 4.21213728e-03
gen2perm35 2600.3487729597109137 1.29828052e-03 2.97945074e+01 1.23895064e-01 2.38982046e-02 5.81014197e+02 1.13820445e+02
gen5perm6 2669.2404433177230203 1.29828052e-03 2.97945074e+01 1.13705955e-01 2.38982046e-02 5.81014197e+02 1.13820445e+02
gen6perm17 2785.2234830654201687 7.81183283e+00 2.78722099e+01 1.11317865e-03 5.92300559e+02 2.36447094e+00 3.84060462e-03
gen4perm9 2934.7996651333469345 3.74196057e+00 9.94247640e+02 1.20400042e-03 3.43990313e-02 7.42410298e-02 3.84060462e-03
gen6perm46 2972.3439625867667928 2.53358960e-01 2.97945074e+01 1.13705955e-01 2.38982046e-02 5.81014197e+02 5.29283214e-01
gen5perm35 2972.3439625867667928 2.53358960e-01 2.97945074e+01 1.13705955e-01 2.38982046e-02 5.81014197e+02 5.29283214e-01
