Permutation Chi-Sq K2RT__FREE__ KD1__FREE__ kdephos__FREE__ km1__FREE__ km2__FREE__ kphos__FREE__
gen18perm43 1725.9711742564236374 1.79015689e+00 1.24563133e-02 4.05904960e-02 2.18548782e-02 2.11534619e+02 8.91109450e-02
gen18perm26 1732.7984983219059814 1.75154866e+00 1.19340077e-02 4.05904960e-02 2.68237571e+00 2.30759620e+02 9.06387107e-02
gen18perm11 1733.6323554575346861 1.79015689e+00 1.37368553e-02 4.05904960e-02 2.27597187e-02 2.27741302e+02 8.74650364e-02
gen18perm13 1734.2906751046421050 1.79015689e+00 1.09340107e-02 4.05904960e-02 2.11126433e-02 2.15363291e+02 9.06387107e-02
gen18perm37 1734.2908938203213438 1.79015689e+00 1.05209652e-02 4.05904960e-02 2.50672745e+00 2.19108913e+02 9.06387107e-02
gen18perm31 1734.2909910143864636 1.79015689e+00 1.13223484e-02 4.05904960e-02 2.56262276e+00 2.19108913e+02 9.06387107e-02
gen18perm4 1735.1898242252334512 1.71513964e+00 1.19340077e-02 4.05904960e-02 2.56262276e+00 2.35047980e+02 9.06387107e-02
gen18perm34 1735.1898242252334512 1.71513964e+00 1.19340077e-02 4.05904960e-02 2.56262276e+00 2.35047980e+02 9.06387107e-02
gen18perm7 1736.6255271579252621 1.77870079e+00 1.19340077e-02 4.05904960e-02 2.18819745e-02 1.94209130e+02 8.75396060e-02
gen18perm17 1741.9323681705307081 1.68880221e+00 1.19340077e-02 3.95959333e-02 2.56262276e+00 2.11534619e+02 8.91109450e-02
gen18perm36 1742.1216155826068643 1.79015689e+00 1.24563133e-02 3.95959333e-02 2.56262276e+00 1.93398638e+02 8.91109450e-02
gen18perm23 1743.5410236726152107 1.67086831e+00 1.19340077e-02 4.05904960e-02 2.18548782e-02 2.14227696e+02 9.06387107e-02
gen18perm27 1745.0811417927109233 1.67086831e+00 1.24563133e-02 3.95959333e-02 2.56262276e+00 2.31333481e+02 8.91109450e-02
gen18perm46 1745.1015453139614237 1.67086831e+00 1.15185391e-02 3.95959333e-02 2.43984787e+00 2.05895704e+02 8.91109450e-02
gen18perm5 1745.2541164791448409 1.67086831e+00 1.13223484e-02 3.96454930e-02 2.18548782e-02 2.11534619e+02 8.91109450e-02
gen18perm19 1747.1331523322628527 1.67086831e+00 1.19340077e-02 3.90661761e-02 2.34748615e+00 2.27396658e+02 8.91109450e-02
gen18perm22 1747.1338969730211375 1.67086831e+00 1.13223484e-02 3.90661761e-02 2.54952563e+00 2.25216487e+02 8.91109450e-02
gen18perm39 1747.2678268932227184 1.69927814e+00 1.13223484e-02 4.05904960e-02 2.46207531e+00 2.25345751e+02 8.91109450e-02
gen18perm2 1747.6854001985909690 1.67086831e+00 1.31851976e-02 3.95959333e-02 2.50672745e+00 2.14227696e+02 9.06387107e-02
gen18perm21 1747.7123663387335455 1.67086831e+00 1.26124177e-02 3.99705703e-02 2.18548782e-02 2.27741302e+02 8.91109450e-02
gen18perm24 1747.9492408556216105 1.67086831e+00 1.13223484e-02 3.88937555e-02 2.56262276e+00 2.11534619e+02 8.76307735e-02
gen18perm50 1748.0048614251766139 1.68915866e+00 1.17657006e-02 3.89779017e-02 2.50074856e+00 1.97381883e+02 8.91109450e-02
gen18perm25 1748.1452572377884280 1.67086831e+00 1.14062912e-02 3.89779017e-02 2.56262276e+00 2.35047980e+02 8.91109450e-02
gen18perm14 1748.1501605697869763 1.67086831e+00 1.13223484e-02 3.89779017e-02 2.18548782e-02 2.19108913e+02 8.91109450e-02
gen18perm28 1748.1538009715632143 1.67086831e+00 1.19340077e-02 3.89779017e-02 2.25205996e-02 2.08625733e+02 8.91109450e-02
gen18perm45 1748.3628237092329982 1.69927814e+00 1.19340077e-02 3.89779017e-02 2.28280314e+00 1.97381883e+02 8.91109450e-02
gen18perm8 1749.5359621619870722 1.71513964e+00 1.19340077e-02 3.89779017e-02 2.35591544e+00 1.97381883e+02 8.91109450e-02
gen18perm3 1749.6187979130575059 1.67086831e+00 1.24158945e-02 4.05904960e-02 2.56262276e+00 1.93383392e+02 9.32499816e-02
gen18perm10 1749.8748188558254242 1.70676492e+00 1.24563133e-02 3.95959333e-02 2.56262276e+00 2.14227696e+02 9.06387107e-02
gen18perm47 1754.6807632764052869 1.67086831e+00 1.13223484e-02 3.96454930e-02 2.56262276e+00 1.99911355e+02 9.15508212e-02
gen18perm16 1756.5724548634552775 1.67086831e+00 1.19340077e-02 4.05904960e-02 2.56262276e+00 2.47828017e+02 9.38492851e-02
gen18perm32 1757.2737725080173732 1.67086831e+00 1.23533139e-02 3.85680586e-02 2.18548782e-02 2.14227696e+02 8.92910368e-02
gen18perm18 1757.6696750717233044 1.69927814e+00 1.24563133e-02 4.15098756e-02 2.50446046e+00 2.11534619e+02 8.99118260e-02
gen18perm30 1758.6609754901558063 1.57968123e+00 1.24563133e-02 3.95959333e-02 2.56262276e+00 2.11534619e+02 9.23164607e-02
gen18perm1 1759.1233568388799995 1.67086831e+00 1.27751488e-02 4.05904960e-02 5.70544009e+01 2.45974450e+02 8.91109450e-02
gen18perm9 1759.2026689476040247 1.67086831e+00 1.19340077e-02 4.05904960e-02 5.70544009e+01 1.94209130e+02 8.91109450e-02
gen18perm41 1761.3058043724631716 1.59295319e+00 1.19340077e-02 3.89779017e-02 2.50074856e+00 2.27396658e+02 8.91109450e-02
gen18perm20 1768.5158461560044998 1.61738564e+00 1.26124177e-02 3.99531940e-02 2.54952563e+00 2.27741302e+02 8.91109450e-02
gen18perm48 1770.1557378149504984 1.60091813e+00 1.19340077e-02 4.05904960e-02 2.18548782e-02 1.94209130e+02 9.06387107e-02
gen18perm40 1776.1901797042735325 1.67288755e+00 1.19340077e-02 4.16711446e-02 2.50446046e+00 2.16475784e+02 8.99807839e-02
gen18perm12 1778.8132041933276923 1.55269143e+00 1.13223484e-02 3.90661761e-02 2.54952563e+00 2.19108913e+02 8.91109450e-02
gen18perm49 1802.3823007073062854 1.67288755e+00 1.13223484e-02 4.05904960e-02 2.50074856e+00 2.16475784e+02 8.70325637e-02
gen18perm6 1805.8675401972216150 1.65706948e+00 1.24563133e-02 3.95959333e-02 5.70544009e+01 2.14227696e+02 9.44292934e-02
gen18perm33 1810.6963072740456937 1.67086831e+00 1.19340077e-02 3.89161125e-02 2.56262276e+00 1.79243387e+02 9.28744253e-02
gen18perm35 1819.4156439336509266 1.52532331e+00 1.13223484e-02 4.05904960e-02 2.18548782e-02 2.14808482e+02 9.06387107e-02
gen18perm15 1825.4457782366680476 1.67086831e+00 1.19340077e-02 3.76585996e-02 2.52036732e+00 1.94209130e+02 9.06387107e-02
gen18perm44 1852.7156588848633874 1.67086831e+00 1.13223484e-02 3.95959333e-02 2.81649722e+00 2.19108913e+02 8.38050438e-02
gen18perm42 1855.9442406218599899 1.55905300e+00 1.19340077e-02 4.09897473e-02 2.50074856e+00 2.03491739e+02 8.91109450e-02
gen18perm38 1861.1117834719289021 1.67086831e+00 1.27751488e-02 3.96280256e-02 2.18548782e-02 2.45974450e+02 9.60837676e-02
gen18perm29 1878.8296329576526205 1.78806024e+00 1.24563133e-02 3.72112678e-02 5.70544009e+01 2.14227696e+02 8.91109450e-02
