Permutation Chi-Sq K2RT__FREE__ KD1__FREE__ kdephos__FREE__ km1__FREE__ km2__FREE__ kphos__FREE__
gen22perm34 1716.4633357567472558 1.95905872e+00 1.12874198e-02 4.05904960e-02 2.35144081e-02 2.11534619e+02 8.74650364e-02
gen22perm20 1717.5170368586177574 1.86525339e+00 1.19340077e-02 4.05904960e-02 2.15974289e-02 2.35047980e+02 8.74650364e-02
gen22perm30 1718.3683544562661609 1.82374036e+00 1.37368553e-02 4.18753790e-02 2.68237571e+00 2.43853847e+02 9.07227096e-02
gen22perm15 1723.9598264131329870 1.83754823e+00 1.18675282e-02 4.05904960e-02 2.52092947e+00 2.00872348e+02 8.91109450e-02
gen22perm46 1724.2543665857313044 1.81360121e+00 1.18675282e-02 4.05904960e-02 2.68237571e+00 2.11534619e+02 8.91109450e-02
gen22perm25 1724.2566607115236366 1.81360121e+00 1.17282877e-02 4.05904960e-02 2.18548782e-02 2.05168096e+02 8.91109450e-02
gen22perm9 1724.4747210091950365 1.80905459e+00 1.19340077e-02 4.05904960e-02 2.48533962e+00 2.11534619e+02 8.91109450e-02
gen22perm26 1724.9382837388047847 1.80190414e+00 1.24563133e-02 4.05904960e-02 2.68237571e+00 1.94209130e+02 8.91109450e-02
gen22perm42 1724.9581639365630963 1.80152035e+00 1.21517708e-02 4.05904960e-02 2.48501241e+00 2.11534619e+02 8.91109450e-02
gen22perm7 1725.5816741759558681 2.02064172e+00 1.10778109e-02 4.05904960e-02 2.54167103e+00 2.18143322e+02 8.74650364e-02
gen22perm32 1725.8196686997396228 1.87049387e+00 1.17282877e-02 4.05904960e-02 2.18548782e-02 2.05485803e+02 8.91109450e-02
gen22perm28 1725.9669687182106372 1.79015689e+00 1.11752566e-02 4.05904960e-02 2.56262276e+00 2.19108913e+02 8.91109450e-02
gen22perm41 1725.9709094216982521 1.79015689e+00 1.04036315e-02 4.05904960e-02 2.18548782e-02 2.11534619e+02 8.91109450e-02
gen22perm6 1725.9709372287870792 1.79015689e+00 1.13223484e-02 4.05904960e-02 2.56262276e+00 2.11534619e+02 8.91109450e-02
gen22perm18 1725.9710054911670341 1.79015689e+00 1.19340077e-02 4.05904960e-02 2.48533962e+00 2.11534619e+02 8.91109450e-02
gen22perm2 1725.9711742564236374 1.79015689e+00 1.24563133e-02 4.05904960e-02 2.18548782e-02 2.11534619e+02 8.91109450e-02
gen22perm48 1725.9781353334149117 1.79015689e+00 1.18675282e-02 4.05904960e-02 2.18548782e-02 1.99261883e+02 8.91109450e-02
gen22perm11 1725.9812194683506732 1.79015689e+00 1.18675282e-02 4.05904960e-02 2.56262276e+00 1.94209130e+02 8.91109450e-02
gen22perm31 1725.9815788538523975 1.79015689e+00 1.19340077e-02 4.05904960e-02 2.68237571e+00 1.93649899e+02 8.91109450e-02
gen22perm45 1725.9873926509167177 1.79015689e+00 1.17282877e-02 4.05904960e-02 2.18548782e-02 1.85114184e+02 8.91109450e-02
gen22perm8 1725.9915624338582347 1.79015689e+00 1.26387163e-02 4.05904960e-02 2.56262276e+00 1.79503307e+02 8.91109450e-02
gen22perm33 1727.2041055343536300 1.86525339e+00 1.19340077e-02 4.05904960e-02 2.91516807e+00 1.79503307e+02 8.92865669e-02
gen22perm39 1728.4153146485637080 1.79015689e+00 1.13223484e-02 4.05904960e-02 2.18548782e-02 2.09566444e+02 8.81308095e-02
gen22perm43 1729.6767094419269597 1.79015689e+00 1.19340077e-02 4.05904960e-02 2.56262276e+00 2.30759620e+02 9.00953543e-02
gen22perm27 1729.6790729336512413 1.79015689e+00 1.13223484e-02 4.05904960e-02 2.52092947e+00 2.11534619e+02 9.00953543e-02
gen22perm5 1730.1155150885174407 1.79015689e+00 1.19340077e-02 4.05904960e-02 2.48533962e+00 2.19108913e+02 9.01576122e-02
gen22perm50 1731.3434899937424234 1.79015689e+00 1.06658230e-02 4.00757439e-02 2.51096837e+00 2.18045755e+02 8.91109450e-02
gen22perm37 1733.6245447295809754 1.79015689e+00 1.12874198e-02 4.05904960e-02 2.68952148e+00 2.35047980e+02 8.74650364e-02
gen22perm21 1733.6726630775945068 1.79015689e+00 1.19340077e-02 4.05904960e-02 2.56262276e+00 1.94209130e+02 8.74650364e-02
gen22perm35 1738.5649101350738874 1.79015689e+00 1.19340077e-02 4.18510483e-02 2.48511395e+00 2.29923284e+02 8.91109450e-02
gen22perm44 1740.8786468655880526 1.75154866e+00 1.13223484e-02 4.05904960e-02 2.68237571e+00 2.19108913e+02 9.16258950e-02
gen22perm22 1742.4349624407470856 1.95905872e+00 1.18675282e-02 4.05904960e-02 2.78577191e+00 1.79503307e+02 8.91109450e-02
gen22perm24 1747.7963063626914391 1.79015689e+00 1.13223484e-02 4.12136006e-02 2.48533962e+00 2.09566444e+02 8.74650364e-02
gen22perm49 1748.1430130276814907 1.79015689e+00 1.18675282e-02 4.21989590e-02 2.56262276e+00 1.96750127e+02 8.91109450e-02
gen22perm13 1749.7645379572254569 1.79015689e+00 1.12874198e-02 3.85984041e-02 2.15974289e-02 2.19108913e+02 8.74650364e-02
gen22perm40 1751.3693864066794958 1.79015689e+00 1.19340077e-02 4.05904960e-02 2.18548782e-02 1.94209130e+02 8.62201036e-02
gen22perm10 1755.3920106916218629 1.79015689e+00 1.13223484e-02 4.16950268e-02 2.18548782e-02 1.93575854e+02 8.78800183e-02
gen22perm19 1757.2048977186029788 1.79015689e+00 1.12874198e-02 3.91507651e-02 2.68952148e+00 2.11534619e+02 8.91109450e-02
gen22perm47 1762.9940522343215434 1.66292224e+00 1.19340077e-02 4.05904960e-02 2.64723729e+00 2.00666502e+02 8.91109450e-02
gen22perm14 1769.3719668069909403 1.86525339e+00 1.29224974e-02 4.05904960e-02 2.56262276e+00 2.11534619e+02 8.36596402e-02
gen22perm3 1782.2108857780569906 1.75809853e+00 1.23527228e-02 4.05904960e-02 2.18548782e-02 2.11534619e+02 9.38615748e-02
gen22perm1 1824.2787844328765914 1.79015689e+00 1.19340077e-02 4.05904960e-02 2.18548782e-02 2.11534619e+02 9.48004739e-02
gen22perm17 1834.4686159963182490 1.67488967e+00 1.14953589e-02 4.24039409e-02 2.68237571e+00 1.94209130e+02 8.91109450e-02
gen22perm23 1836.7611138723748354 1.86525339e+00 1.12874198e-02 3.76383465e-02 2.22468162e-02 2.11534619e+02 8.76410546e-02
gen22perm16 1850.9398036397335545 1.79555725e+00 1.19340077e-02 4.05904960e-02 2.58725627e+00 2.11534619e+02 8.27339209e-02
gen22perm38 1866.2983810332273151 1.86525339e+00 1.30276120e-02 4.05904960e-02 2.15974289e-02 2.11534619e+02 9.46537013e-02
gen22perm36 1877.7401625938425695 1.79015689e+00 1.18675282e-02 4.05904960e-02 2.18548782e-02 2.11534619e+02 9.63149132e-02
gen22perm12 1892.0178361309369848 1.79015689e+00 1.18675282e-02 4.25327898e-02 2.13386057e-02 2.11534619e+02 8.51848897e-02
gen22perm4 1929.1946898002956914 1.79015689e+00 1.13223484e-02 4.05904960e-02 2.48533962e+00 2.09566444e+02 8.11420271e-02
gen22perm29 1946.2074200683082381 1.75154866e+00 1.46200335e-02 4.05904960e-02 2.68237571e+00 2.52993404e+02 8.16070675e-02
