Permutation Chi-Sq K2RT__FREE__ KD1__FREE__ kdephos__FREE__ km1__FREE__ km2__FREE__ kphos__FREE__
gen23perm50 1707.4758343682535724 1.95905872e+00 1.19340077e-02 4.18272368e-02 2.18548782e-02 2.11534619e+02 8.91109450e-02
gen23perm39 1707.8883003016535440 1.95905872e+00 1.23694951e-02 4.20213350e-02 2.59880515e+00 1.79503307e+02 8.74650364e-02
gen23perm31 1714.5444922138976835 1.91753241e+00 1.19340077e-02 4.05904960e-02 2.15974289e-02 1.79503307e+02 8.74650364e-02
gen23perm16 1714.5460271639162784 1.92010085e+00 1.49377995e-02 4.05904960e-02 2.35144081e-02 2.49590599e+02 8.74650364e-02
gen23perm23 1716.4585777436070657 1.95905872e+00 1.19340077e-02 4.05904960e-02 2.78577191e+00 1.79503307e+02 8.74650364e-02
gen23perm24 1716.4633359064432625 1.95905872e+00 1.12874198e-02 4.05904960e-02 2.33029736e-02 2.11534619e+02 8.74650364e-02
gen23perm17 1716.4645138433563716 1.95905872e+00 1.37368553e-02 4.05904960e-02 2.35144081e-02 2.18690162e+02 8.74650364e-02
gen23perm32 1716.4665520777430174 1.95905872e+00 1.16672931e-02 4.05904960e-02 2.78577191e+00 2.39522704e+02 8.74650364e-02
gen23perm35 1717.5169356947426422 1.86525339e+00 1.12874198e-02 4.05904960e-02 2.15974289e-02 2.35047980e+02 8.74650364e-02
gen23perm44 1717.5291976007742960 1.86525339e+00 1.12874198e-02 4.05904960e-02 2.35144081e-02 2.11534619e+02 8.74650364e-02
gen23perm40 1717.5292190820480300 1.86525339e+00 1.12874198e-02 4.05904960e-02 2.15974289e-02 2.11534619e+02 8.74650364e-02
gen23perm7 1717.5296444744772089 1.86525339e+00 1.46200335e-02 4.05904960e-02 2.15974289e-02 2.11534619e+02 8.74650364e-02
gen23perm29 1717.5506292199947893 1.86525339e+00 1.12874198e-02 4.05904960e-02 2.78577191e+00 1.80029213e+02 8.74650364e-02
gen23perm18 1718.3681630209648574 1.82374036e+00 1.20294575e-02 4.18753790e-02 2.68237571e+00 2.43853847e+02 9.07227096e-02
gen23perm15 1722.3788172809017851 1.79755778e+00 1.23130141e-02 4.18753790e-02 2.68237571e+00 2.11534619e+02 9.07227096e-02
gen23perm30 1722.6394456787843410 2.00521426e+00 1.19340077e-02 4.05904960e-02 2.15974289e-02 2.11534619e+02 8.74650364e-02
gen23perm5 1723.3683318907019384 1.86525339e+00 1.14859892e-02 4.24122285e-02 2.56262276e+00 2.11534619e+02 8.91109450e-02
gen23perm37 1723.8206327475224953 1.79015689e+00 1.30276120e-02 4.18753790e-02 2.68237571e+00 2.35047980e+02 9.07227096e-02
gen23perm38 1724.1499206909402346 1.84491842e+00 1.37368553e-02 4.05904960e-02 2.68952148e+00 2.43853847e+02 8.91109450e-02
gen23perm9 1724.2516607817976819 1.81360121e+00 1.06382584e-02 4.05904960e-02 2.35144081e-02 2.16888199e+02 8.91109450e-02
gen23perm33 1725.3528561214639012 1.86525339e+00 1.16220050e-02 4.05904960e-02 2.68237571e+00 1.86861034e+02 8.91109450e-02
gen23perm13 1725.3570047912860446 1.86525339e+00 1.19340077e-02 4.05904960e-02 2.15974289e-02 2.35047980e+02 8.91109450e-02
gen23perm21 1725.9670410312050990 1.79015689e+00 1.18675282e-02 4.05904960e-02 2.56262276e+00 2.19108913e+02 8.91109450e-02
gen23perm47 1725.9710773481417618 1.79015689e+00 1.16558441e-02 4.05904960e-02 2.31355767e-02 2.11534619e+02 8.91109450e-02
gen23perm48 1725.9813450082731379 1.79015689e+00 1.19340077e-02 4.05904960e-02 2.18548782e-02 1.94209130e+02 8.91109450e-02
gen23perm26 1725.9869218112726230 1.79015689e+00 1.18675282e-02 4.05904960e-02 2.18548782e-02 1.85875527e+02 8.91109450e-02
gen23perm11 1725.9910519449297226 1.79015689e+00 1.12874198e-02 4.05904960e-02 2.58423374e+00 1.79976151e+02 8.91109450e-02
gen23perm8 1726.2633453824926164 1.79015689e+00 1.08108192e-02 4.05904960e-02 2.68237571e+00 2.52993404e+02 8.93348144e-02
gen23perm14 1727.0219268872867815 1.81360121e+00 1.18675282e-02 4.05904960e-02 2.68237571e+00 2.11534619e+02 8.74650364e-02
gen23perm1 1727.6524413974841536 1.82183345e+00 1.38757213e-02 4.18753790e-02 2.68237571e+00 2.35590474e+02 8.91109450e-02
gen23perm22 1728.4784424559495619 1.89275018e+00 1.13223484e-02 4.05904960e-02 2.18548782e-02 2.11534619e+02 8.91109450e-02
gen23perm25 1728.7859590017526443 1.77011834e+00 1.17282877e-02 4.04438445e-02 2.42448440e+00 1.99261883e+02 8.91109450e-02
gen23perm34 1730.1413052964396684 1.80190414e+00 1.24563133e-02 4.05904960e-02 2.15974289e-02 2.11534619e+02 8.74650364e-02
gen23perm43 1730.1747140854483860 1.95905872e+00 1.14589812e-02 4.05904960e-02 2.34222689e-02 2.11534619e+02 8.84596451e-02
gen23perm42 1730.7001795757234959 1.79015689e+00 1.18675282e-02 4.14448717e-02 2.56262276e+00 1.94209130e+02 8.91109450e-02
gen23perm12 1731.3969627210076396 1.95905872e+00 1.26710160e-02 4.00768911e-02 2.27427224e-02 2.11534619e+02 8.74650364e-02
gen23perm46 1731.8389866391071337 1.79597957e+00 1.19340077e-02 4.05904960e-02 2.24859166e-02 2.35047980e+02 8.74650364e-02
gen23perm6 1733.6412088999450134 1.79015689e+00 1.12874198e-02 4.05904960e-02 2.15974289e-02 2.19108913e+02 8.74650364e-02
gen23perm49 1733.6499867656618790 1.79015689e+00 1.05054070e-02 4.05904960e-02 2.35144081e-02 2.11534619e+02 8.74650364e-02
gen23perm36 1735.0382737571526377 1.86525339e+00 1.12364967e-02 4.05904960e-02 2.15974289e-02 2.11534619e+02 8.52828193e-02
gen23perm2 1738.1832874896058456 1.81360121e+00 1.18675282e-02 4.05904960e-02 2.68237571e+00 2.11534619e+02 9.07227096e-02
gen23perm41 1740.0059585573908407 1.72094294e+00 1.14544191e-02 4.05904960e-02 2.18548782e-02 1.79043378e+02 8.91109450e-02
gen23perm4 1760.8264659423475678 1.95905872e+00 1.06313352e-02 4.05904960e-02 2.35144081e-02 2.11534619e+02 8.99057606e-02
gen23perm19 1837.8042650778579628 1.87565004e+00 1.17282877e-02 4.05904960e-02 2.56262276e+00 1.94209130e+02 9.37116461e-02
gen23perm3 1839.9329091492609223 1.82374036e+00 1.37368553e-02 4.18753790e-02 2.68237571e+00 2.43853847e+02 8.45882741e-02
gen23perm27 1875.1024029076515944 1.95905872e+00 1.12874198e-02 3.77976167e-02 2.68237571e+00 1.94209130e+02 8.74650364e-02
gen23perm28 1886.2840188915431554 1.81360121e+00 1.19867521e-02 3.73320994e-02 2.35144081e-02 2.11534619e+02 8.91109450e-02
gen23perm10 1912.4257144141545268 1.95905872e+00 1.12874198e-02 3.74045957e-02 2.18548782e-02 2.11534619e+02 8.74650364e-02
gen23perm20 1915.5243986934044642 1.81360121e+00 1.13223484e-02 4.05904960e-02 2.68237571e+00 2.11534619e+02 8.09406652e-02
gen23perm45 1994.4985354256054961 1.95905872e+00 1.25443172e-02 3.66422117e-02 2.78577191e+00 1.65848811e+02 8.74650364e-02
