Permutation Chi-Sq K2RT__FREE__ KD1__FREE__ kdephos__FREE__ km1__FREE__ km2__FREE__ kphos__FREE__
gen2perm11 2129.9520169823304059 6.11510967e+00 9.94247640e+02 1.20400042e-03 6.59541420e+02 4.81593618e-02 3.84060462e-03
gen2perm6 2481.3726584544956495 2.61504480e-01 7.23523514e+00 1.09344907e-01 2.54149798e+00 1.29178005e+01 5.70155927e-01
gen2perm35 2600.3487729597109137 1.29828052e-03 2.97945074e+01 1.23895064e-01 2.38982046e-02 5.81014197e+02 1.13820445e+02
gen2perm26 3295.2984185059435731 7.81183283e+00 1.20807614e+02 9.20732476e+00 5.92300559e+02 2.49108753e+00 1.07033328e+01
gen2perm21 3637.4659887531620370 1.52685855e+00 9.42822749e+01 1.42511959e-02 5.51369449e-01 1.69560046e-02 8.19806055e-02
gen2perm16 5363.8763769885235888 3.50778045e+00 2.42828453e+02 3.50944742e-02 3.89774500e-02 7.01934343e-02 1.51897577e-01
gen2perm25 7731.0485624882903721 1.34969237e-02 3.51822882e+02 1.20476408e-01 5.39395908e+01 3.74371402e+00 9.55798433e+01
gen2perm45 8053.2721563819595758 6.58457643e+00 9.02374358e+01 3.82551071e-02 2.06649953e+01 8.96562202e+00 2.19027223e-02
gen2perm43 8555.8574702931909997 7.82280652e+00 3.51822882e+02 9.20732476e+00 5.92300559e+02 3.53216930e+00 6.38329124e+01
gen2perm42 9312.1613023301251815 2.71006889e-01 2.22016696e+02 1.23895064e-01 1.65583319e-02 1.35963763e-01 6.49397348e-01
gen2perm12 9969.6190957104354311 6.25469121e-03 7.23523514e+00 1.02263001e-01 5.43059550e-02 1.29178005e+01 7.61683733e+00
gen2perm33 11319.2851710422473843 1.06167991e+03 2.06372472e+00 6.45685452e-03 5.48937559e-03 5.43310019e+00 2.39420325e-02
gen2perm22 11340.8242435909833148 9.44591617e+02 8.89636091e+01 6.03258329e-03 4.29264569e+01 2.11534619e+02 2.25254240e-02
gen2perm34 11799.5003107464563072 8.97293774e-01 4.41049055e+01 8.64278790e-02 2.79454794e-03 3.97957466e-01 7.55864915e+01
gen2perm44 12501.8305456967573264 2.43125849e-01 8.71835480e+01 2.64018281e+01 4.45331533e-01 1.20172557e+00 9.55798433e+01
gen2perm5 12771.4539826165400882 5.96894516e-03 2.22016696e+02 1.23895064e-01 6.59541420e+02 5.69955040e+00 7.61683733e+00
gen2perm1 13825.7984522389087942 1.52473102e+02 5.66784750e+02 1.43082139e-02 1.76072398e-01 2.60491856e+00 8.97227759e-02
gen2perm38 14021.9744869703099539 2.49719266e-03 9.70453092e+01 1.09344907e-01 7.15542984e+02 1.29178005e+01 7.61683733e+00
gen2perm37 14645.3897804503685620 5.96894516e-03 7.93356008e+00 1.94432988e+00 1.49835957e-01 1.04937793e+02 3.42545945e+01
gen2perm13 14958.2227078598953085 6.11510967e+00 1.24951603e-02 3.46500165e-02 2.79390350e-01 4.81593618e-02 4.07446075e-03
gen2perm48 15076.0990549895923323 5.96894516e-03 8.71835480e+01 1.09344907e-01 4.16060827e-01 1.20172557e+00 6.27240412e+01
gen2perm20 15540.2112702330014145 7.60917471e-03 5.48502983e+01 4.65350696e-03 4.41972931e-03 7.90676196e+01 9.65198156e-02
gen2perm47 15723.5803341469236329 2.49436207e-01 7.30229901e+00 2.64018281e+01 6.59541420e+02 1.29178005e+01 7.61683733e+00
gen2perm41 15841.4333840384351788 1.53091641e-01 7.60596701e-01 1.51400146e+00 2.54149798e+00 5.69955040e+00 5.29283214e-01
gen2perm24 16030.1141084370865428 7.18758866e-02 2.82014702e-03 1.51400146e+00 1.65583319e-02 1.35963763e-01 1.61836309e+00
gen2perm40 16299.4145957654873200 1.52685855e+00 9.42822749e+01 1.43082139e-02 5.51369449e-01 2.11534619e+02 1.19538745e-03
gen2perm2 16621.2448179859275115 1.52685855e+00 9.42822749e+01 4.71456993e-02 5.51369449e-01 2.11534619e+02 1.83766933e-03
gen2perm50 16813.3021161222968658 1.34969237e-02 1.20807614e+02 5.62403615e-02 2.38645309e+00 1.04942536e-01 8.35585288e-02
gen2perm30 16894.2901605503320752 6.58457643e+00 3.86852453e-03 9.67089455e+00 4.50277013e+01 8.96562202e+00 9.65198156e-02
gen2perm39 16899.5335176273183606 6.45797889e+02 1.16274117e+02 1.20617406e+01 1.79814237e-01 4.22869962e-02 8.19806055e-02
gen2perm29 16912.7290497398535081 2.30157766e-01 7.84463053e-01 3.82551071e-02 2.06649953e+01 2.98312923e-02 2.86258770e-03
gen2perm10 16949.8959448122295726 7.60917471e-03 5.48502983e+01 8.68481373e-03 4.41972931e-03 9.97428673e-03 4.20469803e+01
gen2perm23 16950.8428533067562967 1.53091641e-01 7.60596701e-01 1.41892388e+01 1.10092794e-02 2.29022742e+00 6.49397348e-01
gen2perm46 16976.3358818729684572 8.76796992e+02 7.84463053e-01 6.03258329e-03 4.16567754e+01 1.69560046e-02 9.65198156e-02
gen2perm17 17052.5184760745760286 1.34969237e-02 1.20807614e+02 1.17119494e-01 5.39395908e+01 3.97957466e-01 2.39420325e-02
gen2perm32 17068.0447014923593088 2.61504480e-01 8.59321521e+01 1.23895064e-01 2.54149798e+00 9.99737486e-03 2.66039927e-03
gen2perm8 17073.6706535488738155 7.18758866e-02 2.08114717e+00 6.08292056e+01 1.15536713e-02 2.30557342e+00 1.61836309e+00
gen2perm28 17080.3954404011201405 7.05649057e+01 7.83747762e-01 6.98703738e+01 1.70941339e+00 2.61066243e-01 1.09002769e-01
gen2perm7 17095.3325678565342969 7.80004902e+01 2.82014702e-03 1.39343724e+01 1.07314796e+02 1.22889860e+02 1.50114916e-02
gen2perm27 17117.7229291777875915 5.53509733e+00 9.44301497e-01 1.83637571e+01 6.34714471e+00 1.31163663e-02 1.00783815e-02
gen2perm31 17121.8099066591348674 2.06832143e-03 2.22016696e+02 3.32862513e+00 1.13316282e-01 5.69955040e+00 5.29283214e-01
gen2perm3 17126.3909181758463092 2.49719266e-03 9.70453092e+01 1.94432988e+00 2.06649953e+01 8.61873838e+00 9.91150964e-02
gen2perm36 17127.5363370969826065 2.61504480e-01 2.22016696e+02 6.70227561e+02 2.54149798e+00 5.69955040e+00 5.29283214e-01
gen2perm15 17128.0594779579478200 3.63970208e-03 1.24951603e-02 1.88656957e-01 2.79390350e-01 9.90512872e+02 2.18309841e-03
gen2perm14 18198.3875863707798999 3.50778045e+00 9.60054549e+02 1.21292103e-03 5.43059550e-02 7.01934343e-02 1.51897577e-01
gen2perm9 18688.4879108133427508 8.34224201e-03 2.24721962e-02 4.29430572e-03 7.98596534e-01 7.90676196e+01 1.38323947e+02
gen2perm49 18744.5283393467216229 1.13083602e+02 3.08072211e-02 1.17119494e-01 5.36657827e+01 2.51833551e+00 1.07033328e+01
gen2perm19 19112.1771046362227935 6.58457643e+00 7.79328948e-01 3.82551071e-02 2.06649953e+01 8.96562202e+00 4.20469803e+01
gen2perm4 19129.7148578915002872 6.58457643e+00 8.58927080e-01 3.82551071e-02 1.49835957e-01 1.12001608e+02 3.42545945e+01
gen2perm18 19172.3253524633946654 9.67534615e+02 4.42704064e+01 6.41563138e-03 5.84923521e-03 2.51833551e+00 1.07033328e+01
