Permutation Chi-Sq K2RT__FREE__ KD1__FREE__ kdephos__FREE__ km1__FREE__ km2__FREE__ kphos__FREE__
gen38perm42 1652.8363345355051024 2.68477897e+00 1.21016077e-02 4.68360954e-02 2.28162758e-02 2.45794254e+02 8.74650364e-02
gen38perm19 1652.8367416316575600 2.68477897e+00 1.25216021e-02 4.68360954e-02 2.28162758e-02 2.34175051e+02 8.74650364e-02
gen38perm28 1652.8376010366985156 2.68477897e+00 1.15798244e-02 4.68360954e-02 2.28162758e-02 2.03690854e+02 8.74650364e-02
gen38perm43 1655.5897896593392034 2.68477897e+00 1.17599528e-02 4.68360954e-02 2.28162758e-02 2.49590599e+02 8.79848504e-02
gen38perm46 1664.0354965939509384 2.44140170e+00 1.12874198e-02 4.53390850e-02 2.03302118e-02 2.53920312e+02 8.74650364e-02
gen38perm16 1664.0362170840769522 2.44140170e+00 1.16265990e-02 4.53390850e-02 2.12140468e-02 2.49590599e+02 8.74650364e-02
gen38perm20 1664.0362292031563811 2.44140170e+00 1.17008916e-02 4.53390850e-02 2.04204445e-02 2.49590599e+02 8.74650364e-02
gen38perm35 1664.0362689433309242 2.44140170e+00 1.21016077e-02 4.53390850e-02 2.10326745e-02 2.49590599e+02 8.74650364e-02
gen38perm44 1664.0362727875199198 2.44140170e+00 1.21016077e-02 4.53390850e-02 2.28162758e-02 2.49590599e+02 8.74650364e-02
gen38perm24 1664.0401169608869623 2.44140170e+00 1.21016077e-02 4.53390850e-02 2.29248949e-02 2.27478355e+02 8.74650364e-02
gen38perm12 1664.0825185894357219 2.43479792e+00 1.13204694e-02 4.55921127e-02 2.28162758e-02 2.66051790e+02 8.80497451e-02
gen38perm14 1665.0891673501071182 2.44140170e+00 1.21827708e-02 4.53390850e-02 2.12140468e-02 2.11517908e+02 8.66957483e-02
gen38perm13 1665.8335250669501875 2.43295968e+00 1.16265990e-02 4.53390850e-02 2.10314121e-02 2.49590599e+02 8.80497451e-02
gen38perm9 1665.9396342193110740 2.44140170e+00 1.12874198e-02 4.53390850e-02 2.31435681e-02 2.49590599e+02 8.80497451e-02
gen38perm29 1666.0499355708318490 2.53979170e+00 1.19905895e-02 4.53390850e-02 2.20919996e-02 2.36108961e+02 8.74650364e-02
gen38perm15 1666.4855470797883754 2.44140170e+00 1.12874198e-02 4.53390850e-02 2.58814773e+00 2.24020036e+02 8.81483700e-02
gen38perm31 1666.4855932468844912 2.44140170e+00 1.12874198e-02 4.53390850e-02 2.58814773e+00 2.27478355e+02 8.81483700e-02
gen38perm25 1666.4856501039748764 2.44140170e+00 1.18566655e-02 4.53390850e-02 2.10326745e-02 2.27478355e+02 8.81483700e-02
gen38perm23 1666.4856800356847089 2.44140170e+00 1.17599528e-02 4.53390850e-02 2.26981129e-02 2.30187464e+02 8.81483700e-02
gen38perm32 1666.4859754281137612 2.44140170e+00 1.21016077e-02 4.53390850e-02 2.29248949e-02 2.49590599e+02 8.81483700e-02
gen38perm27 1666.4859797490123583 2.44140170e+00 1.21016077e-02 4.53390850e-02 2.10326745e-02 2.49590599e+02 8.81483700e-02
gen38perm4 1666.4860467205162422 2.44140170e+00 1.25972325e-02 4.53390850e-02 2.04532058e-02 2.49590599e+02 8.81483700e-02
gen38perm22 1666.6470006376080164 2.39710234e+00 1.09000457e-02 4.53390850e-02 2.12140468e-02 2.25174767e+02 8.74650364e-02
gen38perm39 1666.6470876941193637 2.39710234e+00 1.17008916e-02 4.53390850e-02 2.12140468e-02 2.25174767e+02 8.74650364e-02
gen38perm6 1666.8210780168087695 2.39499510e+00 1.12874198e-02 4.53390850e-02 2.28162758e-02 2.49590599e+02 8.74650364e-02
gen38perm47 1666.9605644429907443 2.44140170e+00 1.14622534e-02 4.51284175e-02 2.04532058e-02 2.45342864e+02 8.78089248e-02
gen38perm21 1667.3849331058313510 2.44140170e+00 1.16265990e-02 4.64735055e-02 1.94421768e-02 2.25174767e+02 9.04758710e-02
gen38perm10 1668.9188627886071572 2.48881751e+00 1.28343186e-02 4.53390850e-02 2.10326745e-02 2.51011115e+02 8.81483700e-02
gen38perm30 1668.9843079584411498 2.44140170e+00 1.12874198e-02 4.66943321e-02 2.26077101e-02 2.49590599e+02 8.81483700e-02
gen38perm26 1671.7578459056717293 2.44140170e+00 1.15798244e-02 4.96666466e-02 2.29248949e-02 2.03690854e+02 9.68144798e-02
gen38perm7 1672.3986709362611691 2.49939349e+00 1.17599528e-02 4.64735055e-02 2.12822851e-02 2.49590599e+02 9.04758710e-02
gen38perm49 1672.5991135837671209 2.44140170e+00 1.19286691e-02 4.64735055e-02 2.58814773e+00 2.25174767e+02 8.74650364e-02
gen38perm37 1684.9639104333223258 2.24666487e+00 1.21016077e-02 4.53390850e-02 2.58814773e+00 2.49590599e+02 8.81483700e-02
gen38perm45 1686.5083860943002492 2.52587221e+00 1.07189181e-02 4.51284175e-02 2.04532058e-02 2.49590599e+02 8.31916579e-02
gen38perm48 1688.4722533777110129 2.65904550e+00 1.24527906e-02 4.51284175e-02 2.26541568e-02 2.49590599e+02 8.74650364e-02
gen38perm50 1688.6864552311487842 2.39710234e+00 1.12874198e-02 4.53390850e-02 1.94421768e-02 2.49590599e+02 9.04758710e-02
gen38perm34 1691.5890324194278946 2.23834111e+00 1.17008916e-02 4.51284175e-02 2.12140468e-02 2.25848859e+02 8.74650364e-02
gen38perm38 1697.7790619017798690 2.68057137e+00 1.12874198e-02 4.53390850e-02 2.29128753e-02 2.49590599e+02 8.80497451e-02
gen38perm1 1698.6355788572091114 2.44140170e+00 1.13204694e-02 4.78019450e-02 2.10326745e-02 2.66051790e+02 8.80497451e-02
gen38perm5 1698.8694360983242859 2.25504361e+00 1.12874198e-02 4.55921127e-02 2.29128753e-02 2.49364904e+02 8.74650364e-02
gen38perm36 1702.3172557851512465 2.68477897e+00 1.12874198e-02 4.68360954e-02 2.28162758e-02 2.49590599e+02 9.08765619e-02
gen38perm2 1721.3542226293782278 2.43479792e+00 1.14622534e-02 4.81607816e-02 2.29128753e-02 2.37582050e+02 8.78089248e-02
gen38perm18 1745.4877979703219353 2.68477897e+00 1.12874198e-02 4.72259837e-02 2.28162758e-02 2.49590599e+02 9.30819004e-02
gen38perm41 1746.6814638705975540 2.44140170e+00 1.12874198e-02 4.27081563e-02 2.48165657e-02 2.49590599e+02 8.74650364e-02
gen38perm40 1770.6881758501081094 2.44140170e+00 1.20108436e-02 4.93346229e-02 2.31435681e-02 2.51011115e+02 8.80497451e-02
gen38perm3 1770.9124981152704095 2.44140170e+00 1.12874198e-02 4.51284175e-02 2.04708477e-02 2.49590599e+02 9.27455127e-02
gen38perm33 1787.9434954777486837 2.52587221e+00 1.07189181e-02 4.51745529e-02 2.08149723e-02 2.25174767e+02 8.00310718e-02
gen38perm11 1789.8039604453551874 2.44140170e+00 1.12874198e-02 4.63032266e-02 2.18405643e-02 2.49590599e+02 9.54888132e-02
gen38perm8 1799.6894051950002904 2.39710234e+00 1.20108436e-02 4.53390850e-02 2.31435681e-02 2.51011115e+02 9.44933069e-02
gen38perm17 1809.8878520525918248 2.44140170e+00 1.30445060e-02 4.53390850e-02 2.28162758e-02 2.49590599e+02 9.42033227e-02
