Permutation Chi-Sq K2RT__FREE__ KD1__FREE__ kdephos__FREE__ km1__FREE__ km2__FREE__ kphos__FREE__
gen17perm31 1734.2910234044049957 1.79015689e+00 1.13223484e-02 4.05904960e-02 2.18548782e-02 2.19108913e+02 9.06387107e-02
gen17perm27 1735.2137888416368696 1.71513964e+00 1.19340077e-02 4.05904960e-02 2.56262276e+00 1.94209130e+02 9.06387107e-02
gen16perm39 1740.5588958110495241 1.69927814e+00 1.19340077e-02 3.95959333e-02 2.50446046e+00 2.11534619e+02 8.91109450e-02
gen17perm35 1743.5131854930518784 1.67086831e+00 1.27751488e-02 4.05904960e-02 2.50672745e+00 2.45974450e+02 9.06387107e-02
gen17perm48 1743.5217643003452395 1.67086831e+00 1.19340077e-02 4.05904960e-02 2.56262276e+00 2.35047980e+02 9.06387107e-02
gen16perm2 1743.5436293552290863 1.67086831e+00 1.13223484e-02 4.05904960e-02 2.18548782e-02 2.11534619e+02 9.06387107e-02
gen14perm34 1743.5629838756983645 1.67086831e+00 1.19340077e-02 4.05904960e-02 2.56262276e+00 1.94209130e+02 9.06387107e-02
gen17perm44 1745.0806799830945693 1.67086831e+00 1.24563133e-02 3.95959333e-02 2.56262276e+00 2.32021615e+02 8.91109450e-02
gen17perm38 1745.0933807677670302 1.67086831e+00 1.19340077e-02 3.95959333e-02 2.25710459e+00 2.15363291e+02 8.91109450e-02
gen16perm22 1745.0944020508002268 1.67086831e+00 1.24563133e-02 3.95959333e-02 5.70544009e+01 2.14227696e+02 8.91109450e-02
gen15perm50 1745.0966521796922279 1.67086831e+00 1.24563133e-02 3.95959333e-02 2.56262276e+00 2.11534619e+02 8.91109450e-02
gen15perm23 1745.2541170058077569 1.67086831e+00 1.13223484e-02 3.96454930e-02 2.18548782e-02 2.11534619e+02 8.91109450e-02
gen16perm8 1747.1331136195174167 1.67086831e+00 1.26124177e-02 3.90661761e-02 2.54952563e+00 2.27741302e+02 8.91109450e-02
gen17perm2 1747.5176795889883579 1.67086831e+00 1.19340077e-02 3.99531940e-02 2.50074856e+00 2.27396658e+02 8.91109450e-02
gen17perm15 1747.7923084564702094 1.67288755e+00 1.13223484e-02 4.05904960e-02 2.50074856e+00 2.16475784e+02 8.99807839e-02
gen16perm15 1747.9468977114256631 1.67086831e+00 1.19340077e-02 3.88937555e-02 2.56262276e+00 2.14227696e+02 8.76307735e-02
gen17perm24 1748.1464693815976261 1.67086831e+00 1.14062912e-02 3.89779017e-02 2.68237571e+00 2.30759620e+02 8.91109450e-02
gen16perm50 1748.1464693815976261 1.67086831e+00 1.14062912e-02 3.89779017e-02 2.68237571e+00 2.30759620e+02 8.91109450e-02
gen14perm30 1748.1464711028249894 1.67086831e+00 1.14062912e-02 3.89779017e-02 2.68237571e+00 2.30759620e+02 8.91109450e-02
gen15perm32 1748.1466364350094409 1.67086831e+00 1.19340077e-02 3.89779017e-02 2.25205996e-02 2.30759620e+02 8.91109450e-02
gen16perm28 1748.1474367893026738 1.67086831e+00 1.19340077e-02 3.89779017e-02 2.50074856e+00 2.27741302e+02 8.91109450e-02
gen15perm38 1748.1474902179072615 1.67086831e+00 1.16094318e-02 3.89779017e-02 2.56262276e+00 2.27396658e+02 8.91109450e-02
gen13perm40 1748.1475281211144193 1.67086831e+00 1.19340077e-02 3.89779017e-02 2.56262276e+00 2.27396658e+02 8.91109450e-02
gen16perm35 1748.1475352959123484 1.67086831e+00 1.19340077e-02 3.89779017e-02 2.50074856e+00 2.27396658e+02 8.91109450e-02
gen15perm42 1748.1475352959123484 1.67086831e+00 1.19340077e-02 3.89779017e-02 2.50074856e+00 2.27396658e+02 8.91109450e-02
gen16perm34 1748.1475745016202836 1.67086831e+00 1.23595704e-02 3.89779017e-02 2.63314516e+00 2.27396658e+02 8.91109450e-02
gen14perm31 1748.1513637992518397 1.67086831e+00 1.19340077e-02 3.89779017e-02 2.50074856e+00 2.15363291e+02 8.91109450e-02
gen16perm16 1748.1513638930298384 1.67086831e+00 1.19340077e-02 3.89779017e-02 2.50074856e+00 2.15363291e+02 8.91109450e-02
gen17perm17 1748.1514722678955422 1.67086831e+00 1.19340077e-02 3.89779017e-02 2.11126433e-02 2.15363291e+02 8.91109450e-02
gen16perm13 1748.1555169692865093 1.67086831e+00 1.19340077e-02 3.89779017e-02 2.50074856e+00 2.03714650e+02 8.91109450e-02
gen16perm45 1748.1579466738887731 1.67086831e+00 1.17657006e-02 3.89779017e-02 2.59232308e+00 1.97381883e+02 8.91109450e-02
gen17perm13 1748.1579613724190949 1.67086831e+00 1.17657006e-02 3.89779017e-02 2.57493724e+00 1.97381883e+02 8.91109450e-02
gen14perm22 1748.1579707666803642 1.67086831e+00 1.17657006e-02 3.89779017e-02 2.50074856e+00 1.97381883e+02 8.91109450e-02
gen15perm43 1748.1579954830012866 1.67086831e+00 1.19340077e-02 3.89779017e-02 2.50446046e+00 1.97381883e+02 8.91109450e-02
gen17perm14 1748.1580397676445955 1.67086831e+00 1.24563133e-02 3.89779017e-02 2.56262276e+00 1.97381883e+02 8.91109450e-02
gen16perm40 1748.1580397676445955 1.67086831e+00 1.24563133e-02 3.89779017e-02 2.56262276e+00 1.97381883e+02 8.91109450e-02
gen17perm42 1748.1580815307015655 1.67086831e+00 1.19340077e-02 3.89779017e-02 2.18819745e-02 1.97381883e+02 8.91109450e-02
gen14perm40 1748.3305201160749220 1.67086831e+00 1.24563133e-02 3.85680586e-02 2.56262276e+00 2.27396658e+02 8.72538936e-02
gen15perm46 1748.3401427616372530 1.67086831e+00 1.24563133e-02 3.85680586e-02 2.56262276e+00 2.14227696e+02 8.72538936e-02
gen17perm6 1748.4084829075545713 1.67086831e+00 1.19340077e-02 3.89779017e-02 2.38982046e-02 2.27396658e+02 8.91657947e-02
gen17perm28 1748.4084829075545713 1.67086831e+00 1.19340077e-02 3.89779017e-02 2.38982046e-02 2.27396658e+02 8.91657947e-02
gen16perm18 1748.4085078217801765 1.67086831e+00 1.27751488e-02 3.89779017e-02 2.50672745e+00 2.27396658e+02 8.91657947e-02
gen17perm36 1748.4216408993631831 1.67086831e+00 1.19340077e-02 3.89779017e-02 2.56262276e+00 1.88406658e+02 8.91657947e-02
gen17perm23 1748.7029427281620428 1.67086831e+00 1.19719299e-02 4.00497252e-02 5.70544009e+01 2.14227696e+02 8.91109450e-02
gen14perm49 1749.6212491742614930 1.71599483e+00 1.17657006e-02 3.89779017e-02 2.11126433e-02 2.11534619e+02 8.91109450e-02
gen16perm38 1749.6231800791731530 1.71601130e+00 1.19340077e-02 3.89779017e-02 2.50074856e+00 2.15363291e+02 8.91109450e-02
gen17perm29 1749.6673985611625994 1.63397053e+00 1.24563133e-02 3.95959333e-02 2.18548782e-02 2.14227696e+02 9.06387107e-02
gen17perm49 1750.0712479310877825 1.69927814e+00 1.19340077e-02 3.95959333e-02 2.50446046e+00 2.50067841e+02 8.72538936e-02
gen15perm45 1750.5338801402360787 1.67086831e+00 1.19340077e-02 3.82551071e-02 2.60460867e+00 2.23334415e+02 8.76307735e-02
gen15perm44 1750.5370345658566293 1.67086831e+00 1.17657006e-02 3.82551071e-02 2.56262276e+00 2.14227696e+02 8.76307735e-02
